numPoints 209
0.17 0.026
0.233939 0.00242424
0.544938 0.0106173
0.638391 0.0390805
0.73828 0.0778495
0.0464444 0.183333
0.100256 0.0905128
0.377793 0.0917584
0.451774 0.156543
0.613678 0.205648
0.843333 0.124583
0.95 0.176667
1.05667 0.22625
0.0124444 0.283333
0.189804 0.260653
0.330864 0.242159
0.497255 0.352772
0.655739 0.360868
0.758055 0.266682
0.889504 0.353972
1.16667 0.276667
1.28333 0.327407
1.4 0.370784
0.107337 0.444481
0.226996 0.512573
0.378945 0.47986
0.508045 0.527417
0.641609 0.497681
0.784037 0.47215
1.0146 0.419852
1.15678 0.449058
1.30322 0.529516
1.51333 0.402549
1.62667 0.436667
1.73667 0.48
1.83506 0.534321
0.026 0.636667
0.106667 0.724872
0.322756 0.665248
0.45888 0.707154
0.601773 0.666665
0.758676 0.655936
0.918719 0.586474
1.06971 0.62072
1.20779 0.638942
1.43297 0.602638
1.56897 0.64009
1.69845 0.642308
1.91744 0.60718
0.196667 0.782381
0.293333 0.833556
0.566852 0.855128
0.681569 0.812218
0.874683 0.76634
1.00701 0.786528
1.15587 0.803191
1.32868 0.759927
1.49146 0.800056
1.66731 0.858592
1.79715 0.74959
1.9757 0.701505
0.386667 0.888974
0.472051 0.958205
0.682739 1.03637
0.787842 0.910997
0.923468 0.968192
1.07609 0.96869
1.23269 0.947008
1.39579 0.941204
1.55441 1.00006
1.84249 0.918638
1.9731 1.02828
0.540667 1.05
0.579048 1.15829
0.828122 1.13298
0.991204 1.13266
1.16108 1.14668
1.29532 1.09721
1.43474 1.13729
1.58894 1.20053
1.71209 1.08677
1.91704 1.12173
0.582857 1.27505
0.704841 1.24515
0.939854 1.30862
1.0756 1.28723
1.28516 1.26953
1.43603 1.29999
1.57245 1.38467
1.77571 1.30333
1.84595 1.21333
0.531238 1.50495
0.562941 1.39
0.818453 1.37557
1.04386 1.44819
1.17429 1.41717
1.33313 1.46813
1.47937 1.48294
1.65829 1.50171
1.71657 1.3899
0.493905 1.62171
0.678562 1.50748
0.811597 1.56778
0.926492 1.51711
1.0643 1.64692
1.20429 1.60181
1.45108 1.62608
1.61111 1.63
0.453714 1.73829
0.611657 1.72948
0.753669 1.72873
0.916685 1.73218
1.17212 1.78967
1.30827 1.69401
1.42308 1.78205
1.58233 1.77163
0.374314 1.97333
0.413333 1.85667
0.698327 1.93371
0.856589 1.89928
1.0177 1.87093
1.16578 1.99649
1.30166 1.91922
1.44903 1.92156
1.56429 1.91333
0.333529 2.08667
0.461259 2.11223
0.558806 1.97893
0.788654 2.09035
0.933404 2.0519
1.05269 2.07472
1.26337 2.13915
1.40494 2.10681
1.54825 2.04667
0.2 2.26333
0.281379 2.18437
0.544435 2.29235
0.659563 2.16535
0.883644 2.22929
1.0045 2.25533
1.14058 2.22798
1.37031 2.30521
1.51586 2.29838
1.5314 2.17333
0.0634343 2.45838
0.127356 2.35494
0.262738 2.40967
0.394468 2.32923
0.673555 2.42054
0.779505 2.31937
0.91625 2.40135
1.07645 2.45953
1.22299 2.37499
1.49982 2.42162
0.0184615 2.57829
0.167902 2.59435
0.306774 2.60128
0.453481 2.51861
0.582716 2.56015
0.80926 2.52032
0.946648 2.57182
1.18475 2.57733
1.3406 2.49382
1.48359 2.54838
0.0201802 2.70505
0.106667 2.79133
0.393797 2.71847
0.501664 2.74194
0.717969 2.65119
0.867786 2.7238
1.03424 2.70673
1.17636 2.77438
1.33832 2.68127
1.50556 2.66333
1.53758 2.76828
0.21 2.84083
0.32 2.88725
0.431717 2.9301
0.628903 2.79545
0.770163 2.86089
0.928115 2.90987
1.08003 2.93279
1.29464 2.86377
1.42306 2.86982
1.54333 2.88
0.544953 2.97143
0.663333 3.01333
0.786667 3.05351
0.913333 3.09281
1.21658 2.99829
1.37028 3.05722
1.52342 3.10393
1.53542 2.99
1.03838 3.12811
1.16496 3.16017
1.29673 3.21006
1.45931 3.24333
1.59427 3.2492
1.31034 3.36503
1.41153 3.39831
1.63891 3.41163
1.71222 3.32333
1.33206 3.52496
1.48273 3.56364
1.62182 3.54818
1.77915 3.47163
1.40569 3.65549
1.69826 3.67681
1.77204 3.60172
numTriangle 996
1 2 7
7 2 8
2 3 9
8 2 9
3 4 9
0 1 14
5 6 14
6 0 14
1 7 15
14 1 15
7 8 15
8 9 16
15 8 16
16 9 17
9 4 18
17 9 18
4 10 18
10 11 19
18 10 19
13 5 23
5 14 23
14 15 24
23 14 24
15 16 25
24 15 25
25 16 26
16 17 27
26 16 27
17 18 28
27 17 28
18 19 28
11 12 29
19 11 29
12 20 30
29 12 30
20 21 30
21 22 31
30 21 31
13 23 36
23 24 37
36 23 37
24 25 38
25 26 39
38 25 39
26 27 40
39 26 40
27 28 41
40 27 41
28 19 42
41 28 42
19 29 42
29 30 43
42 29 43
30 31 44
43 30 44
31 22 45
22 32 45
32 33 46
45 32 46
33 34 47
46 33 47
34 35 47
37 24 49
24 38 49
49 38 50
39 40 51
40 41 52
51 40 52
41 42 53
42 43 54
53 42 54
43 44 55
54 43 55
44 31 56
31 45 56
45 46 57
56 45 57
46 47 58
57 46 58
47 35 59
35 48 59
58 47 59
38 39 61
50 38 61
39 51 62
61 39 62
51 52 63
52 41 64
41 53 64
63 52 64
53 54 65
64 53 65
54 55 66
65 54 66
55 44 67
44 56 67
66 55 67
56 57 68
67 56 68
57 58 69
68 57 69
59 48 70
48 60 70
58 59 70
70 60 71
62 51 72
51 63 72
72 63 73
63 64 74
64 65 74
65 66 75
74 65 75
66 67 76
75 66 76
67 68 77
76 67 77
68 69 78
77 68 78
78 69 79
69 58 80
79 69 80
58 70 80
70 71 81
73 63 83
82 73 83
63 74 83
74 75 84
75 76 85
84 75 85
76 77 86
77 78 86
78 79 87
86 78 87
87 79 88
80 70 90
70 81 90
89 80 90
83 74 93
74 84 93
84 85 94
85 76 95
76 86 95
94 85 95
86 87 96
95 86 96
87 88 97
96 87 97
79 80 99
80 89 99
88 79 99
98 88 99
82 83 101
92 82 101
91 92 101
83 93 101
101 93 102
93 84 103
102 93 103
84 94 103
94 95 104
103 94 104
95 96 105
104 95 105
96 97 106
97 88 107
88 98 107
106 97 107
100 91 109
91 101 109
108 100 109
101 102 110
109 101 110
102 103 111
110 102 111
103 104 111
104 105 112
105 96 113
96 106 113
112 105 113
113 106 114
106 107 115
114 106 115
109 110 118
110 111 119
118 110 119
111 104 120
104 112 120
119 111 120
120 112 121
112 113 122
121 112 122
113 114 122
114 115 123
122 114 123
123 115 124
116 117 126
125 116 126
108 109 127
117 108 127
126 117 127
109 118 127
118 119 128
119 120 129
128 119 129
120 121 130
129 120 130
121 122 131
122 123 132
131 122 132
123 124 133
132 123 133
126 127 136
127 118 137
136 127 137
118 128 137
128 129 138
129 130 139
138 129 139
130 121 140
121 131 140
139 130 140
131 132 141
141 132 142
132 133 143
142 132 143
134 135 146
145 134 146
125 126 147
135 125 147
146 135 147
126 136 147
136 137 148
137 128 149
148 137 149
128 138 149
138 139 150
149 138 150
139 140 151
150 139 151
140 131 152
131 141 152
151 140 152
141 142 153
144 145 155
145 146 155
154 144 155
146 147 156
155 146 156
147 136 157
156 147 157
136 148 158
157 136 158
148 149 159
149 150 159
150 151 160
159 150 160
151 152 161
152 141 162
161 152 162
141 153 162
162 153 163
154 155 164
164 155 165
156 157 166
157 158 167
166 157 167
158 148 168
148 159 168
159 160 169
168 159 169
160 151 170
151 161 170
169 160 170
170 161 171
161 162 172
171 161 172
162 163 172
172 163 173
155 156 175
165 155 175
156 166 176
175 156 176
166 167 177
176 166 177
167 158 178
158 168 178
168 169 179
178 168 179
169 170 180
179 169 180
170 171 181
180 170 181
171 172 182
172 173 183
173 174 183
182 172 183
183 174 184
177 167 185
167 178 185
178 179 186
185 178 186
179 180 187
186 179 187
187 180 188
181 171 189
171 182 189
182 183 190
189 182 190
183 184 192
190 183 192
191 190 192
180 181 193
188 180 193
181 189 194
193 181 194
189 190 195
194 189 195
190 191 196
195 190 196
196 191 197
195 196 199
198 195 199
200 197 201
198 199 202
200 201 205
204 200 205
202 199 206
199 203 206
203 204 207
206 203 207
204 205 208
207 204 208
